20.000000, -2.330
20.437943, -2.320
20.586044, -2.296
20.735220, -2.282
20.885475, -2.270
21.036821, -2.259
21.189262, -2.247
21.342808, -2.235
21.497467, -2.224
21.653246, -2.213
21.810154, -2.202
21.968201, -2.191
22.127390, -2.181
22.287735, -2.170
22.449242, -2.160
22.611917, -2.151
22.775772, -2.141
22.940815, -2.132
23.107054, -2.124
23.274498, -2.115
23.443153, -2.106
23.613033, -2.098
23.784142, -2.090
23.956491, -2.082
24.130091, -2.074
24.304947, -2.067
24.481071, -2.059
24.658470, -2.052
24.837156, -2.045
25.017136, -2.038
25.198421, -2.031
25.381020, -2.024
25.564941, -2.018
25.750195, -2.011
25.936790, -2.005
26.124741, -1.999
26.314051, -1.993
26.504732, -1.987
26.696796, -1.981
26.890253, -1.975
27.085112, -1.969
27.281382, -1.964
27.479073, -1.959
27.678198, -1.954
27.878765, -1.949
28.080786, -1.944
28.284271, -1.939
28.489231, -1.934
28.695675, -1.930
28.903616, -1.925
29.113064, -1.921
29.324028, -1.916
29.536524, -1.912
29.750557, -1.908
29.966141, -1.904
30.183289, -1.900
30.402010, -1.897
30.622314, -1.893
30.844217, -1.890
31.067726, -1.886
31.292856, -1.883
31.519617, -1.880
31.748020, -1.878
31.978081, -1.875
32.209808, -1.872
32.443211, -1.870
32.678310, -1.867
32.915108, -1.865
33.153625, -1.862
33.393871, -1.860
33.635857, -1.858
33.879597, -1.855
34.125103, -1.853
34.372387, -1.851
34.621464, -1.849
34.872345, -1.847
35.125042, -1.846
35.379574, -1.844
35.635948, -1.842
35.894180, -1.841
36.154285, -1.839
36.416275, -1.837
36.680161, -1.836
36.945961, -1.834
37.213688, -1.833
37.483353, -1.831
37.754974, -1.829
38.028561, -1.827
38.304131, -1.826
38.581699, -1.824
38.861279, -1.823
39.142883, -1.821
39.426529, -1.819
39.712231, -1.818
40.000000, -1.816
40.289856, -1.814
40.581814, -1.812
40.875885, -1.809
41.172089, -1.807
41.470440, -1.805
41.770950, -1.803
42.073643, -1.801
42.378525, -1.799
42.685616, -1.797
42.994934, -1.794
43.306492, -1.791
43.620308, -1.789
43.936401, -1.786
44.254780, -1.783
44.575470, -1.781
44.898483, -1.778
45.223835, -1.775
45.551544, -1.772
45.881630, -1.769
46.214108, -1.766
46.548996, -1.763
46.886307, -1.760
47.226067, -1.757
47.568283, -1.753
47.912983, -1.750
48.260181, -1.746
48.609894, -1.743
48.962143, -1.739
49.316940, -1.736
49.674313, -1.732
50.034271, -1.728
50.396843, -1.724
50.762039, -1.721
51.129883, -1.717
51.500389, -1.713
51.873581, -1.709
52.249481, -1.705
52.628101, -1.701
53.009464, -1.697
53.393593, -1.693
53.780506, -1.689
54.170223, -1.685
54.562763, -1.681
54.958145, -1.677
55.356396, -1.672
55.757530, -1.668
56.161572, -1.664
56.568542, -1.659
56.978462, -1.655
57.391350, -1.651
57.807232, -1.647
58.226128, -1.643
58.648056, -1.638
59.073048, -1.634
59.501114, -1.630
59.932281, -1.626
60.366577, -1.621
60.804020, -1.617
61.244629, -1.613
61.688435, -1.609
62.135452, -1.604
62.585712, -1.600
63.039234, -1.596
63.496040, -1.592
63.956161, -1.588
64.419617, -1.584
64.886421, -1.579
65.356621, -1.575
65.830215, -1.570
66.307251, -1.566
66.787743, -1.562
67.271713, -1.557
67.759193, -1.553
68.250206, -1.549
68.744774, -1.545
69.242928, -1.541
69.744690, -1.537
70.250084, -1.533
70.759148, -1.529
71.271896, -1.525
71.788361, -1.521
72.308571, -1.517
72.832550, -1.513
73.360321, -1.509
73.891922, -1.504
74.427376, -1.500
74.966705, -1.496
75.509949, -1.492
76.057121, -1.488
76.608261, -1.484
77.163399, -1.479
77.722557, -1.475
78.285767, -1.471
78.853058, -1.466
79.424461, -1.462
80.000000, -1.458
80.579712, -1.453
81.163628, -1.449
81.751770, -1.444
82.344177, -1.440
82.940880, -1.435
83.541901, -1.430
84.147285, -1.425
84.757050, -1.420
85.371231, -1.416
85.989868, -1.411
86.612984, -1.406
87.240616, -1.401
87.872803, -1.396
88.509560, -1.391
89.150940, -1.386
89.796967, -1.381
90.447670, -1.376
91.103088, -1.371
91.763260, -1.366
92.428215, -1.361
93.097992, -1.356
93.772614, -1.350
94.452133, -1.345
95.136566, -1.340
95.825966, -1.335
96.520363, -1.329
97.219788, -1.324
97.924286, -1.319
98.633881, -1.313
99.348625, -1.308
100.068542, -1.303
100.793686, -1.298
101.524078, -1.292
102.259766, -1.287
103.000778, -1.282
103.747162, -1.277
104.498962, -1.272
105.256203, -1.267
106.018929, -1.262
106.787186, -1.256
107.561012, -1.250
108.340446, -1.245
109.125526, -1.240
109.916290, -1.234
110.712791, -1.229
111.515060, -1.223
112.323143, -1.217
113.137085, -1.211
113.956924, -1.205
114.782700, -1.200
115.614464, -1.194
116.452255, -1.188
117.296112, -1.182
118.146095, -1.176
119.002228, -1.170
119.864563, -1.164
120.733154, -1.157
121.608040, -1.151
122.489258, -1.144
123.376869, -1.138
124.270905, -1.131
125.171425, -1.124
126.078468, -1.117
126.992081, -1.110
127.912323, -1.102
128.839233, -1.095
129.772842, -1.087
130.713242, -1.080
131.660431, -1.072
132.614502, -1.064
133.575485, -1.056
134.543427, -1.048
135.518387, -1.039
136.500412, -1.031
137.489548, -1.022
138.485855, -1.013
139.489380, -1.004
140.500168, -0.995
141.518295, -0.985
142.543793, -0.976
143.576721, -0.967
144.617142, -0.957
145.665100, -0.947
146.720642, -0.938
147.783844, -0.928
148.854752, -0.918
149.933411, -0.908
151.019897, -0.898
152.114243, -0.888
153.216522, -0.878
154.326797, -0.868
155.445114, -0.858
156.571533, -0.848
157.706116, -0.838
158.848923, -0.827
160.000000, -0.817
161.159424, -0.807
162.327255, -0.798
163.503540, -0.789
164.688354, -0.780
165.881760, -0.771
167.083801, -0.762
168.294571, -0.753
169.514099, -0.745
170.742462, -0.736
171.979736, -0.728
173.225967, -0.720
174.481232, -0.713
175.745605, -0.705
177.019119, -0.698
178.301880, -0.691
179.593933, -0.685
180.895340, -0.679
182.206177, -0.673
183.526520, -0.667
184.856430, -0.661
186.195984, -0.656
187.545227, -0.651
188.904266, -0.647
190.273132, -0.642
191.651932, -0.638
193.040726, -0.634
194.439575, -0.630
195.848572, -0.626
197.267761, -0.623
198.697250, -0.620
200.137085, -0.617
201.587372, -0.614
203.048157, -0.611
204.519531, -0.609
206.001556, -0.606
207.494324, -0.604
208.997925, -0.601
210.512405, -0.599
212.037857, -0.597
213.574371, -0.595
215.122025, -0.593
216.680893, -0.591
218.251053, -0.589
219.832581, -0.587
221.425583, -0.584
223.030121, -0.582
224.646286, -0.580
226.274170, -0.577
227.913849, -0.575
229.565399, -0.572
231.228928, -0.569
232.904510, -0.567
234.592224, -0.564
236.292191, -0.561
238.004456, -0.557
239.729126, -0.554
241.466309, -0.550
243.216080, -0.547
244.978516, -0.543
246.753738, -0.540
248.541809, -0.536
250.342850, -0.532
252.156937, -0.528
253.984161, -0.524
255.824646, -0.520
257.678467, -0.516
259.545685, -0.512
261.426483, -0.508
263.320862, -0.504
265.229004, -0.500
267.150970, -0.496
269.086853, -0.492
271.036774, -0.488
273.000824, -0.483
274.979095, -0.479
276.971710, -0.475
278.978760, -0.471
281.000336, -0.466
283.036591, -0.461
285.087585, -0.457
287.153442, -0.452
289.234283, -0.448
291.330200, -0.443
293.441284, -0.438
295.567688, -0.434
297.709503, -0.429
299.866821, -0.424
302.039795, -0.419
304.228485, -0.413
306.433044, -0.408
308.653595, -0.403
310.890228, -0.397
313.143066, -0.392
315.412231, -0.386
317.697845, -0.380
320.000000, -0.374
322.318848, -0.367
324.654510, -0.360
327.007080, -0.354
329.376709, -0.347
331.763519, -0.340
334.167603, -0.332
336.589142, -0.325
339.028198, -0.317
341.484924, -0.309
343.959473, -0.301
346.451935, -0.292
348.962463, -0.283
351.491211, -0.274
354.038239, -0.265
356.603760, -0.256
359.187866, -0.246
361.790680, -0.236
364.412354, -0.225
367.053040, -0.215
369.712860, -0.204
372.391968, -0.193
375.090454, -0.182
377.808533, -0.171
380.546265, -0.159
383.303864, -0.148
386.081451, -0.136
388.879150, -0.125
391.697144, -0.113
394.535522, -0.101
397.394501, -0.089
400.274170, -0.077
403.174744, -0.064
406.096313, -0.052
409.039062, -0.040
412.003113, -0.027
414.988647, -0.014
417.995850, -0.002
421.024811, 0.011
424.075714, 0.024
427.148743, 0.036
430.244049, 0.049
433.361786, 0.061
436.502106, 0.073
439.665161, 0.086
442.851166, 0.098
446.060242, 0.111
449.292572, 0.124
452.548340, 0.137
455.827698, 0.150
459.130798, 0.163
462.457855, 0.176
465.809021, 0.189
469.184448, 0.202
472.584381, 0.215
476.008911, 0.228
479.458252, 0.241
482.932617, 0.253
486.432159, 0.266
489.957031, 0.279
493.507477, 0.292
497.083618, 0.305
500.685699, 0.317
504.313873, 0.330
507.968323, 0.342
511.649292, 0.354
515.356934, 0.367
519.091370, 0.379
522.852966, 0.391
526.641724, 0.403
530.458008, 0.414
534.301941, 0.426
538.173706, 0.437
542.073547, 0.447
546.001648, 0.458
549.958191, 0.468
553.943420, 0.478
557.957520, 0.487
562.000671, 0.496
566.073181, 0.504
570.175171, 0.511
574.306885, 0.517
578.468567, 0.522
582.660400, 0.527
586.882568, 0.530
591.135376, 0.532
595.419006, 0.533
599.733643, 0.533
604.079590, 0.530
608.456970, 0.527
612.866089, 0.522
617.307190, 0.515
621.780457, 0.507
626.286133, 0.497
630.824463, 0.486
635.395691, 0.474
640.000000, 0.460
644.637695, 0.445
649.309021, 0.428
654.014160, 0.411
658.753418, 0.393
663.527039, 0.374
668.335205, 0.354
673.178284, 0.333
678.056396, 0.311
682.969849, 0.289
687.918945, 0.267
692.903870, 0.244
697.924927, 0.222
702.982422, 0.200
708.076477, 0.178
713.207520, 0.157
718.375732, 0.136
723.581360, 0.115
728.824707, 0.095
734.106079, 0.076
739.425720, 0.058
744.783936, 0.042
750.180908, 0.026
755.617065, 0.011
761.092529, -0.003
766.607727, -0.015
772.162903, -0.026
777.758301, -0.036
783.394287, -0.044
789.071045, -0.052
794.789001, -0.057
800.548340, -0.062
806.349487, -0.065
812.192627, -0.067
818.078125, -0.067
824.006226, -0.065
829.977295, -0.062
835.991699, -0.058
842.049622, -0.051
848.151428, -0.044
854.297485, -0.034
860.488098, -0.024
866.723572, -0.012
873.004211, 0.002
879.330322, 0.017
885.702332, 0.034
892.120483, 0.052
898.585144, 0.072
905.096680, 0.093
911.655396, 0.116
918.261597, 0.141
924.915710, 0.167
931.618042, 0.196
938.368896, 0.227
945.168762, 0.260
952.017822, 0.295
958.916504, 0.333
965.865234, 0.373
972.864319, 0.416
979.914062, 0.461
987.014954, 0.509
994.167236, 0.560
1001.371399, 0.613
1008.627747, 0.669
1015.936646, 0.728
1023.298584, 0.789
1030.713867, 0.853
1038.182739, 0.919
1045.705933, 0.987
1053.283447, 1.056
1060.916016, 1.127
1068.603882, 1.198
1076.347412, 1.271
1084.147095, 1.344
1092.003296, 1.417
1099.916382, 1.490
1107.886841, 1.562
1115.915039, 1.633
1124.001343, 1.703
1132.146362, 1.772
1140.350342, 1.841
1148.613770, 1.908
1156.937134, 1.973
1165.320801, 2.038
1173.765137, 2.102
1182.270752, 2.164
1190.838013, 2.225
1199.467285, 2.286
1208.159180, 2.347
1216.913940, 2.407
1225.732178, 2.465
1234.614380, 2.523
1243.560913, 2.581
1252.572266, 2.639
1261.648926, 2.696
1270.791382, 2.752
1280.000000, 2.807
1289.275391, 2.862
1298.618042, 2.917
1308.028320, 2.972
1317.506836, 3.026
1327.054077, 3.079
1336.670410, 3.132
1346.356567, 3.185
1356.112793, 3.237
1365.939697, 3.289
1375.837891, 3.340
1385.807739, 3.392
1395.849854, 3.443
1405.964844, 3.493
1416.152954, 3.543
1426.415039, 3.594
1436.751465, 3.643
1447.162720, 3.693
1457.649414, 3.743
1468.212158, 3.793
1478.851440, 3.844
1489.567871, 3.894
1500.361816, 3.945
1511.234131, 3.996
1522.185059, 4.048
1533.215454, 4.101
1544.325806, 4.154
1555.516602, 4.207
1566.788574, 4.261
1578.142090, 4.315
1589.578003, 4.370
1601.096680, 4.425
1612.698975, 4.481
1624.385254, 4.537
1636.156250, 4.594
1648.012451, 4.651
1659.954590, 4.709
1671.983398, 4.768
1684.099243, 4.828
1696.302856, 4.888
1708.594971, 4.949
1720.976196, 5.012
1733.447144, 5.075
1746.008423, 5.140
1758.660645, 5.206
1771.404663, 5.274
1784.240967, 5.343
1797.170288, 5.413
1810.193359, 5.485
1823.310791, 5.558
1836.523193, 5.633
1849.831421, 5.710
1863.236084, 5.788
1876.737793, 5.868
1890.337524, 5.950
1904.035645, 6.033
1917.833008, 6.118
1931.730469, 6.205
1945.728638, 6.293
1959.828125, 6.384
1974.029907, 6.477
1988.334473, 6.572
2002.742798, 6.668
2017.255493, 6.767
2031.873291, 6.868
2046.597168, 6.971
2061.427734, 7.076
2076.365479, 7.184
2091.411865, 7.293
2106.566895, 7.404
2121.832031, 7.517
2137.207764, 7.631
2152.694824, 7.748
2168.294189, 7.865
2184.006592, 7.983
2199.832764, 8.102
2215.773682, 8.221
2231.830078, 8.340
2248.002686, 8.460
2264.292725, 8.579
2280.700684, 8.697
2297.227539, 8.815
2313.874268, 8.931
2330.641602, 9.046
2347.530273, 9.160
2364.541504, 9.272
2381.676025, 9.383
2398.934570, 9.492
2416.318359, 9.598
2433.827881, 9.702
2451.464355, 9.803
2469.228760, 9.903
2487.121826, 10.000
2505.144531, 10.095
2523.297852, 10.187
2541.582764, 10.277
2560.000000, 10.364
2578.550781, 10.450
2597.236084, 10.532
2616.056641, 10.613
2635.013672, 10.691
2654.108154, 10.767
2673.340820, 10.839
2692.713135, 10.910
2712.225586, 10.977
2731.879395, 11.041
2751.675781, 11.102
2771.615479, 11.159
2791.699707, 11.213
2811.929688, 11.263
2832.305908, 11.309
2852.830078, 11.353
2873.502930, 11.392
2894.325439, 11.428
2915.298828, 11.459
2936.424316, 11.487
2957.702881, 11.511
2979.135742, 11.532
3000.723633, 11.549
3022.468262, 11.562
3044.370117, 11.572
3066.430908, 11.579
3088.651611, 11.581
3111.033203, 11.580
3133.577148, 11.574
3156.284180, 11.566
3179.156006, 11.554
3202.193359, 11.538
3225.397949, 11.519
3248.770508, 11.495
3272.312500, 11.468
3296.024902, 11.438
3319.909180, 11.404
3343.966797, 11.366
3368.198486, 11.325
3392.605713, 11.279
3417.189941, 11.231
3441.952393, 11.179
3466.894287, 11.124
3492.016846, 11.067
3517.321289, 11.006
3542.809326, 10.942
3568.481934, 10.876
3594.340576, 10.806
3620.386719, 10.734
3646.621582, 10.659
3673.046387, 10.582
3699.662842, 10.501
3726.472168, 10.418
3753.475586, 10.332
3780.675049, 10.243
3808.071289, 10.152
3835.666016, 10.059
3863.460938, 9.964
3891.457275, 9.867
3919.656250, 9.768
3948.059814, 9.668
3976.668945, 9.566
4005.485596, 9.463
4034.510986, 9.359
4063.746582, 9.254
4093.194336, 9.148
4122.855469, 9.042
4152.730957, 8.937
4182.823730, 8.831
4213.133789, 8.727
4243.664062, 8.623
4274.415527, 8.521
4305.389648, 8.421
4336.588379, 8.323
4368.013184, 8.227
4399.665527, 8.134
4431.547363, 8.042
4463.660156, 7.954
4496.005371, 7.869
4528.585449, 7.787
4561.401367, 7.708
4594.455078, 7.632
4627.748535, 7.558
4661.283203, 7.487
4695.060547, 7.417
4729.083008, 7.350
4763.352051, 7.283
4797.869141, 7.217
4832.636719, 7.152
4867.655762, 7.087
4902.928711, 7.021
4938.457520, 6.956
4974.243652, 6.890
5010.289062, 6.822
5046.595703, 6.754
5083.165527, 6.686
5120.000000, 6.616
5157.101562, 6.547
5194.472168, 6.476
5232.113281, 6.406
5270.027344, 6.336
5308.216309, 6.267
5346.681641, 6.198
5385.426270, 6.129
5424.451172, 6.062
5463.758789, 5.995
5503.351562, 5.930
5543.230957, 5.867
5583.399414, 5.804
5623.859375, 5.744
5664.611816, 5.685
5705.660156, 5.627
5747.005859, 5.572
5788.650879, 5.519
5830.597656, 5.467
5872.848633, 5.417
5915.405762, 5.369
5958.271484, 5.324
6001.447266, 5.280
6044.936523, 5.239
6088.740234, 5.199
6132.861816, 5.162
6177.303223, 5.127
6222.066406, 5.095
6267.154297, 5.065
6312.568359, 5.038
6358.312012, 5.012
6404.386719, 4.988
6450.795898, 4.968
6497.541016, 4.948
6544.625000, 4.931
6592.049805, 4.915
6639.818359, 4.901
6687.933594, 4.889
6736.396973, 4.877
6785.211426, 4.867
6834.379883, 4.857
6883.904785, 4.848
6933.788574, 4.839
6984.033691, 4.831
7034.642578, 4.821
7085.618652, 4.811
7136.963867, 4.800
7188.681152, 4.787
7240.773438, 4.773
7293.243164, 4.756
7346.092773, 4.738
7399.325684, 4.717
7452.944336, 4.694
7506.951172, 4.667
7561.350098, 4.638
7616.142578, 4.606
7671.332031, 4.571
7726.921875, 4.533
7782.914551, 4.493
7839.312500, 4.449
7896.119629, 4.403
7953.337891, 4.353
8010.971191, 4.301
8069.021973, 4.246
8127.493164, 4.187
8186.388672, 4.124
8245.710938, 4.058
8305.461914, 3.988
8365.647461, 3.914
8426.267578, 3.835
8487.328125, 3.751
8548.831055, 3.662
8610.779297, 3.569
8673.176758, 3.469
8736.026367, 3.364
8799.331055, 3.255
8863.094727, 3.142
8927.320312, 3.024
8992.010742, 2.904
9057.170898, 2.782
9122.802734, 2.659
9188.910156, 2.539
9255.497070, 2.420
9322.566406, 2.305
9390.121094, 2.194
9458.166016, 2.090
9526.704102, 1.992
9595.738281, 1.902
9665.273438, 1.820
9735.311523, 1.747
9805.857422, 1.684
9876.915039, 1.630
9948.487305, 1.592
10020.578125, 1.567
10093.191406, 1.557
10166.331055, 1.561
10240.000000, 1.581
10314.203125, 1.612
10388.944336, 1.654
10464.226562, 1.699
10540.054688, 1.741
10616.432617, 1.772
10693.363281, 1.780
10770.852539, 1.764
10848.902344, 1.715
10927.517578, 1.636
11006.703125, 1.528
11086.461914, 1.399
11166.798828, 1.254
11247.718750, 1.100
11329.223633, 0.945
11411.320312, 0.793
11494.011719, 0.646
11577.301758, 0.505
11661.195312, 0.367
11745.697266, 0.231
11830.811523, 0.094
11916.542969, -0.044
12002.894531, -0.183
12089.873047, -0.321
12177.480469, -0.456
12265.723633, -0.584
12354.606445, -0.707
12444.132812, -0.824
12534.308594, -0.935
12625.136719, -1.040
12716.624023, -1.140
12808.773438, -1.236
12901.591797, -1.330
12995.082031, -1.422
13089.250000, -1.516
13184.099609, -1.612
13279.636719, -1.710
13375.867188, -1.812
13472.793945, -1.921
13570.422852, -2.036
13668.759766, -2.160
13767.809570, -2.292
13867.577148, -2.434
13968.067383, -2.585
14069.285156, -2.745
14171.237305, -2.912
14273.927734, -3.084
14377.362305, -3.262
14481.546875, -3.443
14586.486328, -3.624
14692.185547, -3.805
14798.651367, -3.982
14905.888672, -4.151
15013.902344, -4.312
15122.700195, -4.458
15232.285156, -4.592
15342.664062, -4.705
15453.843750, -4.802
15565.829102, -4.879
15678.625000, -4.936
15792.239258, -4.975
15906.675781, -4.994
16021.942383, -4.996
16138.043945, -4.980
16254.986328, -4.951
16372.777344, -4.908
16491.421875, -4.855
16610.923828, -4.791
16731.294922, -4.720
16852.535156, -4.642
16974.656250, -4.561
17097.662109, -4.476
17221.558594, -4.389
17346.353516, -4.302
17472.052734, -4.216
17598.662109, -4.133
17726.189453, -4.056
17854.640625, -3.987
17984.021484, -3.926
18114.341797, -3.879
18245.605469, -3.845
18377.820312, -3.829
18510.994141, -3.829
18645.132812, -3.849
18780.242188, -3.887
18916.332031, -3.944
19053.408203, -4.018
19191.476562, -4.111
19330.546875, -4.233
19470.623047, -4.417
19611.714844, -4.794
20000.000000, -6.579